 1 0  
 2 0  
 9 0  
 42 0  
 47 0  
 48 0  
 65 0  
 71 0  
 98 0  
 100 0  
 111 0  
 118 0  
 127 0  
 147 0  
 149 0  
 152 0  
 163 0  
 275 0  
 279 0  
 285 0  
 290 0  
 298 0  
 300 0  
 306 0  
 314 0  
 317 0  
 318 0  
 337 0  
 339 0  
 358 0  
 359 0  
 376 0  
 377 0  
 378 0  
 383 0  
 384 0  
 387 0  
 396 0  
 406 0  
 419 0  
 451 0  
 462 0  
 473 0  
 483 0  
 525 0  
 708 0  
 919 0  
 921 0  
 925 0  
 92 1  
 109 1  
 159 1  
 241 1  
 3 2  
 16 2  
 138 2  
 180 2  
 67 3  
 688 3  
 5 4  
 222 4  
 305 4  
 309 4  
 313 4  
 324 4  
 336 4  
 367 4  
 465 4  
 601 4  
 696 4  
 799 4  
 842 4  
 918 4  
 955 4  
 26 5  
 7 6  
 8 6  
 24 6  
 33 6  
 38 6  
 39 6  
 45 6  
 47 6  
 48 6  
 50 6  
 53 6  
 57 6  
 61 6  
 68 6  
 73 6  
 76 6  
 78 6  
 82 6  
 85 6  
 87 6  
 102 6  
 104 6  
 105 6  
 106 6  
 110 6  
 111 6  
 112 6  
 116 6  
 140 6  
 144 6  
 147 6  
 149 6  
 153 6  
 165 6  
 166 6  
 169 6  
 182 6  
 190 6  
 193 6  
 194 6  
 206 6  
 210 6  
 213 6  
 215 6  
 235 6  
 271 6  
 279 6  
 284 6  
 291 6  
 294 6  
 298 6  
 299 6  
 306 6  
 309 6  
 310 6  
 311 6  
 330 6  
 335 6  
 340 6  
 344 6  
 347 6  
 358 6  
 361 6  
 363 6  
 368 6  
 370 6  
 375 6  
 378 6  
 392 6  
 393 6  
 421 6  
 434 6  
 443 6  
 444 6  
 451 6  
 454 6  
 469 6  
 475 6  
 482 6  
 484 6  
 486 6  
 487 6  
 491 6  
 496 6  
 497 6  
 528 6  
 529 6  
 536 6  
 553 6  
 554 6  
 561 6  
 562 6  
 566 6  
 585 6  
 588 6  
 605 6  
 613 6  
 617 6  
 623 6  
 625 6  
 627 6  
 647 6  
 654 6  
 677 6  
 689 6  
 695 6  
 704 6  
 706 6  
 726 6  
 753 6  
 757 6  
 758 6  
 769 6  
 772 6  
 805 6  
 839 6  
 878 6  
 921 6  
 929 6  
 962 6  
 968 6  
 982 6  
 1000 6  
 20 7  
 18 8  
 429 8  
 122 9  
 136 9  
 11 10  
 86 10  
 117 10  
 177 10  
 215 10  
 222 10  
 242 10  
 300 10  
 337 10  
 363 10  
 407 10  
 584 10  
 680 10  
 696 10  
 710 10  
 743 10  
 837 10  
 857 10  
 884 10  
 919 10  
 13 12  
 33 12  
 62 12  
 111 12  
 320 12  
 377 12  
 382 12  
 556 12  
 15 14  
 46 14  
 49 14  
 82 14  
 100 14  
 101 14  
 111 14  
 119 14  
 143 14  
 149 14  
 151 14  
 269 14  
 284 14  
 307 14  
 316 14  
 323 14  
 325 14  
 355 14  
 369 14  
 426 14  
 500 14  
 514 14  
 516 14  
 565 14  
 637 14  
 671 14  
 697 14  
 744 14  
 754 14  
 768 14  
 791 14  
 950 14  
 17 16  
 49 16  
 147 16  
 290 16  
 405 16  
 438 16  
 540 16  
 628 16  
 189 17  
 19 18  
 60 18  
 127 18  
 332 18  
 372 18  
 397 18  
 431 18  
 435 18  
 440 18  
 464 18  
 545 18  
 584 18  
 632 18  
 650 18  
 696 18  
 745 18  
 956 18  
 963 18  
 54 19  
 34 20  
 78 20  
 101 20  
 178 20  
 213 20  
 294 20  
 323 20  
 415 20  
 457 20  
 550 20  
 22 21  
 37 21  
 410 21  
 930 21  
 29 22  
 60 22  
 76 22  
 98 22  
 240 22  
 303 22  
 452 22  
 557 22  
 722 22  
 771 22  
 920 22  
 24 23  
 237 23  
 298 23  
 471 23  
 524 23  
 717 23  
 739 23  
 756 23  
 35 24  
 26 25  
 37 25  
 366 25  
 39 26  
 57 26  
 76 26  
 205 26  
 282 26  
 283 26  
 290 26  
 295 26  
 304 26  
 315 26  
 353 26  
 381 26  
 399 26  
 28 27  
 177 28  
 538 28  
 598 28  
 646 28  
 701 28  
 703 28  
 788 28  
 816 28  
 822 28  
 831 28  
 835 28  
 880 28  
 993 28  
 31 30  
 81 30  
 103 30  
 108 30  
 331 30  
 509 30  
 632 30  
 779 30  
 281 31  
 33 32  
 36 32  
 65 32  
 73 32  
 126 32  
 168 32  
 169 32  
 293 32  
 575 32  
 678 32  
 691 32  
 790 32  
 869 32  
 925 32  
 37 33  
 930 33  
 35 34  
 36 35  
 40 35  
 62 35  
 77 35  
 84 35  
 86 35  
 117 35  
 156 35  
 185 35  
 271 35  
 274 35  
 308 35  
 319 35  
 330 35  
 333 35  
 345 35  
 346 35  
 356 35  
 357 35  
 370 35  
 372 35  
 384 35  
 386 35  
 387 35  
 393 35  
 398 35  
 401 35  
 413 35  
 414 35  
 433 35  
 441 35  
 454 35  
 466 35  
 481 35  
 507 35  
 510 35  
 572 35  
 574 35  
 588 35  
 609 35  
 662 35  
 682 35  
 926 35  
 1011 36  
 38 37  
 46 37  
 49 37  
 73 37  
 112 37  
 143 37  
 148 37  
 337 37  
 519 37  
 565 37  
 638 37  
 695 37  
 740 37  
 761 37  
 802 37  
 858 37  
 870 37  
 881 37  
 901 37  
 918 37  
 929 37  
 962 37  
 42 41  
 247 41  
 257 41  
 313 41  
 382 41  
 627 41  
 634 41  
 683 41  
 734 41  
 768 41  
 784 41  
 831 41  
 950 41  
 59 42  
 44 43  
 76 44  
 364 44  
 418 44  
 70 46  
 189 46  
 937 46  
 66 49  
 200 49  
 289 49  
 52 51  
 72 51  
 87 51  
 111 51  
 116 51  
 352 51  
 548 51  
 54 53  
 115 54  
 193 54  
 311 54  
 375 54  
 389 54  
 469 54  
 487 54  
 920 54  
 56 55  
 362 55  
 380 55  
 411 55  
 416 55  
 453 55  
 561 55  
 573 55  
 712 55  
 928 55  
 1002 55  
 59 58  
 729 60  
 626 61  
 66 62  
 64 63  
 366 63  
 72 64  
 99 64  
 324 64  
 479 64  
 515 64  
 767 64  
 66 65  
 71 66  
 79 66  
 101 66  
 105 66  
 111 66  
 120 66  
 131 66  
 293 66  
 297 66  
 320 66  
 322 66  
 391 66  
 400 66  
 415 66  
 421 66  
 423 66  
 474 66  
 582 66  
 638 66  
 653 66  
 679 66  
 919 66  
 975 66  
 69 68  
 114 70  
 140 70  
 170 70  
 179 70  
 187 70  
 227 70  
 279 70  
 490 70  
 551 70  
 638 70  
 666 70  
 740 70  
 810 70  
 817 70  
 834 70  
 840 70  
 857 70  
 943 71  
 402 72  
 92 73  
 75 74  
 147 74  
 158 74  
 217 74  
 322 74  
 343 74  
 388 74  
 438 74  
 439 74  
 478 74  
 492 74  
 558 74  
 575 74  
 608 74  
 628 74  
 667 74  
 674 74  
 690 74  
 715 74  
 97 75  
 218 75  
 94 76  
 555 76  
 959 77  
 92 78  
 191 79  
 238 79  
 81 80  
 171 80  
 172 80  
 177 80  
 188 80  
 199 80  
 278 80  
 300 80  
 303 80  
 324 80  
 422 80  
 483 80  
 499 80  
 515 80  
 601 80  
 645 80  
 700 80  
 728 80  
 749 80  
 760 80  
 933 80  
 963 80  
 109 81  
 586 81  
 776 81  
 84 83  
 107 83  
 112 83  
 121 83  
 147 83  
 150 83  
 152 83  
 163 83  
 166 83  
 169 83  
 170 83  
 173 83  
 186 83  
 187 83  
 210 83  
 212 83  
 220 83  
 239 83  
 255 83  
 256 83  
 264 83  
 265 83  
 268 83  
 269 83  
 276 83  
 293 83  
 297 83  
 365 83  
 381 83  
 426 83  
 427 83  
 434 83  
 455 83  
 475 83  
 489 83  
 490 83  
 506 83  
 512 83  
 529 83  
 535 83  
 541 83  
 548 83  
 561 83  
 570 83  
 579 83  
 580 83  
 588 83  
 595 83  
 607 83  
 614 83  
 624 83  
 656 83  
 657 83  
 660 83  
 664 83  
 670 83  
 671 83  
 672 83  
 678 83  
 693 83  
 696 83  
 705 83  
 715 83  
 738 83  
 739 83  
 744 83  
 746 83  
 755 83  
 759 83  
 761 83  
 798 83  
 807 83  
 808 83  
 840 83  
 845 83  
 846 83  
 857 83  
 865 83  
 870 83  
 871 83  
 872 83  
 878 83  
 886 83  
 898 83  
 901 83  
 913 83  
 994 83  
 138 87  
 402 87  
 89 88  
 110 88  
 125 88  
 173 88  
 387 88  
 414 88  
 415 88  
 456 88  
 465 88  
 498 88  
 530 88  
 616 88  
 620 88  
 975 88  
 91 90  
 101 90  
 378 90  
 417 90  
 445 90  
 449 90  
 497 90  
 526 90  
 661 90  
 691 90  
 856 90  
 93 92  
 102 92  
 110 92  
 144 92  
 152 92  
 163 92  
 164 92  
 210 92  
 217 92  
 266 92  
 273 92  
 282 92  
 327 92  
 370 92  
 378 92  
 384 92  
 405 92  
 415 92  
 427 92  
 447 92  
 454 92  
 463 92  
 465 92  
 469 92  
 496 92  
 505 92  
 517 92  
 537 92  
 541 92  
 545 92  
 561 92  
 562 92  
 575 92  
 596 92  
 625 92  
 644 92  
 645 92  
 658 92  
 663 92  
 677 92  
 684 92  
 696 92  
 702 92  
 713 92  
 724 92  
 736 92  
 796 92  
 1002 92  
 95 94  
 101 94  
 310 94  
 97 96  
 114 97  
 130 97  
 165 97  
 168 97  
 187 97  
 232 97  
 239 97  
 252 97  
 259 97  
 408 97  
 527 97  
 535 97  
 594 97  
 595 97  
 666 97  
 731 97  
 752 97  
 782 97  
 789 97  
 790 97  
 810 97  
 958 98  
 729 99  
 402 102  
 191 105  
 930 105  
 226 108  
 241 108  
 193 109  
 375 109  
 597 109  
 665 109  
 693 109  
 138 111  
 718 111  
 138 112  
 114 113  
 179 113  
 201 113  
 260 113  
 524 113  
 538 113  
 631 113  
 674 113  
 681 113  
 750 113  
 803 113  
 191 116  
 429 116  
 245 118  
 134 120  
 122 121  
 174 121  
 401 122  
 446 122  
 583 122  
 124 123  
 166 123  
 199 123  
 206 123  
 227 123  
 333 123  
 339 123  
 455 123  
 484 123  
 547 123  
 664 123  
 700 123  
 720 123  
 740 123  
 848 123  
 901 123  
 979 123  
 218 126  
 129 128  
 181 128  
 395 128  
 571 128  
 603 128  
 961 128  
 998 128  
 485 129  
 302 131  
 133 132  
 316 132  
 371 132  
 498 132  
 589 132  
 593 132  
 644 132  
 135 134  
 339 134  
 365 134  
 644 134  
 687 134  
 832 134  
 137 136  
 249 136  
 282 136  
 306 136  
 315 136  
 390 136  
 561 136  
 574 136  
 808 136  
 139 138  
 173 138  
 188 138  
 321 138  
 358 138  
 394 138  
 395 138  
 484 138  
 489 138  
 496 138  
 560 138  
 611 138  
 929 138  
 218 140  
 233 140  
 142 141  
 372 141  
 467 141  
 557 141  
 946 141  
 949 141  
 241 143  
 146 145  
 237 145  
 252 145  
 671 145  
 717 145  
 756 145  
 792 145  
 840 145  
 841 145  
 895 145  
 1026 145  
 402 147  
 461 147  
 286 149  
 552 149  
 211 153  
 238 153  
 155 154  
 347 154  
 157 156  
 184 157  
 338 157  
 403 157  
 520 157  
 531 157  
 545 157  
 649 157  
 765 157  
 806 157  
 927 157  
 1021 157  
 160 159  
 234 159  
 342 160  
 162 161  
 214 162  
 221 162  
 235 162  
 529 162  
 1024 162  
 1025 162  
 1027 162  
 366 164  
 461 164  
 1011 164  
 167 165  
 189 165  
 231 165  
 1011 165  
 168 167  
 176 167  
 254 167  
 258 167  
 261 167  
 269 167  
 340 167  
 455 167  
 488 167  
 533 167  
 541 167  
 566 167  
 628 167  
 828 167  
 354 168  
 402 169  
 675 170  
 241 171  
 402 172  
 458 172  
 725 172  
 175 174  
 212 174  
 219 174  
 470 174  
 480 174  
 500 174  
 538 174  
 603 174  
 608 174  
 640 174  
 648 174  
 702 174  
 754 174  
 818 174  
 873 174  
 1020 174  
 211 176  
 1011 176  
 930 178  
 218 179  
 229 179  
 402 179  
 181 180  
 213 180  
 502 180  
 566 180  
 622 180  
 759 180  
 780 180  
 975 180  
 191 182  
 209 182  
 1011 182  
 184 183  
 428 183  
 523 183  
 544 183  
 569 183  
 189 187  
 369 189  
 471 189  
 511 189  
 527 189  
 192 191  
 193 191  
 210 191  
 216 191  
 469 191  
 496 191  
 541 191  
 562 191  
 607 191  
 643 191  
 654 191  
 655 191  
 781 191  
 429 193  
 196 195  
 213 195  
 584 195  
 761 195  
 793 195  
 1028 195  
 586 196  
 932 196  
 198 197  
 243 197  
 601 197  
 627 197  
 209 198  
 200 199  
 385 200  
 388 200  
 489 200  
 658 200  
 665 200  
 845 200  
 891 200  
 910 200  
 914 200  
 203 202  
 248 202  
 666 202  
 703 202  
 782 202  
 797 202  
 816 202  
 1006 202  
 1008 202  
 1019 202  
 205 204  
 864 204  
 586 206  
 208 207  
 259 208  
 751 208  
 790 208  
 210 209  
 274 209  
 349 209  
 379 209  
 399 209  
 527 209  
 535 209  
 581 209  
 587 209  
 621 209  
 652 209  
 657 209  
 676 209  
 751 209  
 783 209  
 784 209  
 848 209  
 238 210  
 212 211  
 526 211  
 706 211  
 748 211  
 752 211  
 770 211  
 821 211  
 822 211  
 851 211  
 856 211  
 245 212  
 354 212  
 1011 213  
 218 217  
 552 217  
 228 218  
 250 218  
 251 218  
 253 218  
 266 218  
 268 218  
 269 218  
 387 218  
 489 218  
 536 218  
 568 218  
 647 218  
 695 218  
 735 218  
 756 218  
 775 218  
 782 218  
 802 218  
 811 218  
 819 218  
 830 218  
 848 218  
 859 218  
 860 218  
 861 218  
 876 218  
 882 218  
 890 218  
 895 218  
 903 218  
 916 218  
 917 218  
 794 219  
 224 223  
 236 223  
 255 223  
 580 223  
 680 223  
 762 223  
 904 223  
 909 223  
 226 225  
 615 226  
 716 226  
 733 226  
 814 227  
 230 229  
 269 229  
 476 229  
 714 229  
 759 229  
 808 229  
 876 229  
 877 229  
 892 229  
 1003 229  
 232 231  
 639 231  
 737 231  
 750 231  
 760 231  
 819 231  
 839 231  
 868 231  
 896 231  
 293 233  
 512 233  
 634 233  
 764 233  
 1013 233  
 641 235  
 239 238  
 244 238  
 408 238  
 526 238  
 608 238  
 735 238  
 825 238  
 856 238  
 242 241  
 370 241  
 477 241  
 515 241  
 521 241  
 532 241  
 561 241  
 578 241  
 614 241  
 664 241  
 738 241  
 747 241  
 829 241  
 246 245  
 627 245  
 773 245  
 787 245  
 802 245  
 804 245  
 812 245  
 869 245  
 874 245  
 888 245  
 552 254  
 263 262  
 339 263  
 547 263  
 838 263  
 885 263  
 267 266  
 270 269  
 586 269  
 273 272  
 606 273  
 277 276  
 288 276  
 922 276  
 281 280  
 296 281  
 338 281  
 431 281  
 582 281  
 584 281  
 610 281  
 618 281  
 630 281  
 698 281  
 287 286  
 374 286  
 472 286  
 486 286  
 492 286  
 921 286  
 290 289  
 415 289  
 420 289  
 292 291  
 301 300  
 311 301  
 352 301  
 391 301  
 432 301  
 482 301  
 461 309  
 312 311  
 333 312  
 546 312  
 583 312  
 592 312  
 952 312  
 334 320  
 327 326  
 329 328  
 565 328  
 683 328  
 924 328  
 935 328  
 429 330  
 429 333  
 335 334  
 442 334  
 568 334  
 655 334  
 711 334  
 961 334  
 1026 334  
 930 337  
 366 339  
 342 341  
 539 342  
 732 342  
 936 342  
 468 347  
 349 348  
 351 350  
 412 350  
 355 354  
 500 354  
 691 354  
 811 354  
 836 354  
 888 354  
 966 354  
 887 355  
 360 359  
 460 361  
 1011 361  
 422 366  
 447 366  
 477 366  
 496 366  
 661 366  
 666 366  
 690 366  
 694 366  
 723 366  
 740 366  
 774 366  
 912 366  
 982 366  
 374 373  
 485 378  
 534 384  
 922 391  
 429 393  
 699 393  
 922 393  
 669 395  
 555 399  
 461 400  
 476 402  
 489 402  
 496 402  
 538 402  
 549 402  
 579 402  
 602 402  
 605 402  
 633 402  
 638 402  
 659 402  
 721 402  
 859 402  
 995 402  
 405 404  
 415 404  
 498 404  
 566 404  
 567 404  
 409 408  
 455 409  
 635 410  
 943 415  
 958 416  
 425 424  
 446 425  
 538 425  
 430 429  
 434 429  
 441 429  
 949 429  
 953 429  
 954 429  
 964 429  
 969 429  
 974 429  
 976 429  
 977 429  
 978 429  
 984 429  
 559 434  
 606 434  
 958 435  
 437 436  
 719 436  
 761 436  
 939 436  
 967 436  
 983 436  
 986 436  
 987 436  
 995 436  
 718 439  
 448 447  
 930 447  
 469 448  
 589 448  
 601 448  
 677 448  
 451 450  
 493 450  
 568 450  
 814 451  
 513 458  
 604 458  
 460 459  
 502 461  
 647 461  
 660 461  
 695 461  
 761 461  
 820 461  
 821 461  
 848 461  
 879 461  
 975 461  
 619 468  
 534 469  
 1011 474  
 930 479  
 496 485  
 536 485  
 560 485  
 744 485  
 925 485  
 940 485  
 994 485  
 501 491  
 495 494  
 504 503  
 508 507  
 534 515  
 1011 517  
 519 518  
 522 521  
 629 534  
 741 534  
 543 542  
 586 548  
 655 552  
 678 552  
 692 552  
 921 552  
 809 555  
 609 559  
 699 562  
 564 563  
 932 564  
 612 568  
 577 576  
 586 578  
 763 578  
 586 585  
 673 586  
 742 586  
 897 586  
 958 587  
 591 590  
 626 592  
 600 599  
 718 633  
 636 635  
 642 641  
 651 641  
 707 641  
 718 644  
 669 649  
 943 655  
 669 668  
 934 669  
 942 669  
 965 669  
 970 669  
 976 669  
 980 669  
 999 669  
 1001 669  
 703 675  
 761 675  
 780 675  
 782 675  
 802 675  
 847 675  
 686 685  
 948 686  
 766 696  
 1011 696  
 709 699  
 959 703  
 786 704  
 794 704  
 795 704  
 794 714  
 855 714  
 899 717  
 719 718  
 731 718  
 756 718  
 832 718  
 941 718  
 945 718  
 957 718  
 966 718  
 985 718  
 988 718  
 990 718  
 996 718  
 1002 718  
 1004 718  
 1007 718  
 1009 718  
 1015 718  
 1018 718  
 1022 718  
 1023 718  
 766 723  
 727 725  
 785 725  
 798 725  
 931 725  
 1010 725  
 730 729  
 743 729  
 802 729  
 831 729  
 835 729  
 877 729  
 896 729  
 900 729  
 911 729  
 918 729  
 937 737  
 932 749  
 930 754  
 937 761  
 905 766  
 814 775  
 778 777  
 947 778  
 1014 778  
 1011 780  
 902 784  
 1017 793  
 802 794  
 860 794  
 801 800  
 813 812  
 815 814  
 833 814  
 865 814  
 883 814  
 889 814  
 908 814  
 937 816  
 824 823  
 827 826  
 932 838  
 844 843  
 850 849  
 853 852  
 855 854  
 915 855  
 863 862  
 867 866  
 875 872  
 951 876  
 894 893  
 930 901  
 907 906  
 923 922  
 957 922  
 1005 922  
 960 930  
 973 930  
 981 932  
 938 937  
 989 937  
 997 937  
 1008 937  
 1011 938  
 944 943  
 957 943  
 971 958  
 972 958  
 991 958  
 992 959  
 1011 994  
 1011 997  
 1012 1011  
 1017 1016  
